# Input data

26 66
24 25
100 37
37 57
26 57
100 66
66 57
66 37
24 47
66 33
25 57
24 57
100 33
37 33
44 47
26 37
35 47
106 45
94 30
106 66
21 84
57 4
66 45
106 100
106 37
100 45
113 119
94 109
41 10
26 33
28 100
13 47
86 89
90 44
28 45
80 13
30 44
28 66
23 69
90 77
23 59
94 44
28 33
40 13
70 105
24 12
24 13
28 104
56 66
24 40
56 106
28 106
12 13
100 104
109 3
40 12
59 69
121 114
104 66
93 62
56 45
68 33
41 13
1 32
13 5
13 10
104 45
115 42
104 33
106 33
106 104
81 33
13 38
40 57
54 45
54 33
56 54
46 41
106 54
81 24
96 86
60 13
40 4
81 56
81 104
46 38
81 66
81 106
103 48
91 96
23 104
46 13
95 16
24 26
32 44
16 32
23 66
1 44
23 62
81 26
16 69
84 47
32 80
16 44
34 5
18 13
33 69
30 33
26 25
23 58
28 56
30 69
38 42
68 57
57 69
13 73
116 72
56 104
8 47
86 65
60 73
8 116
11 33
72 47
81 25
116 47
24 23
8 72
42 22
28 81
16 78
65 72
37 63
40 45
33 59
45 4
26 27
93 59
23 27
85 22
56 110
43 78
73 47
49 37
109 99
103 108
33 57
1 107
67 76
67 63
94 99
43 80
11 80
16 55
52 13
69 78
55 78
66 110
106 110
26 62
102 41
43 44
70 87
51 11
102 10
122 73
95 31
94 51
54 40
77 69
90 69
122 89
79 78
16 77
64 29
90 78
91 86
95 69
95 77
90 11
71 31
3 79
51 40
31 78
30 40
1 3
16 80
11 69
33 78
16 118
40 69
29 76
90 95
109 44
73 74
93 54
64 76
9 19
77 3
12 69
9 122
59 17
86 22
93 2
103 49
88 49
60 5
52 42
64 108
63 76
49 108
3 107
94 54
71 57
96 22
94 43
49 76
121 73
32 113
29 108
37 76
37 29
54 17
54 43
67 29
89 73
46 116
85 42
63 64
55 123
37 108
43 33
98 108
49 98
33 17
36 76
67 108
49 63
19 47
63 108
65 42
7 53
41 42
85 91
14 10
85 116
114 61
34 74
85 65
114 42
9 96
96 114
8 114
122 115
8 74
121 89
67 64
46 74
46 84
39 84
46 39
14 13
37 9
60 85
60 42
67 37
74 22
47 42
121 5
36 64
30 123
3 119
105 3
40 2
40 33
88 108
3 80
11 40
33 2
1 30
111 30
88 63
80 123
1 57
33 31
17 78
1 109
94 78
44 78
88 67
109 31
95 43
100 64
30 57
100 36
24 9
51 77
109 54
100 39
94 31
30 68
26 119
51 2
95 78
26 16
81 19
81 16
96 74
44 31
30 12
74 42
56 108
103 15
56 63
104 108
46 42
24 15
70 113
58 43
66 63
3 31
44 2
52 8
56 88
25 58
104 63
88 104
104 37
106 88
31 2
51 44
23 9
88 37
3 44
45 68
94 40
30 31
95 51
3 40
23 16
51 30
94 2
119 57
40 31
30 17
30 59
43 40
40 59
15 110
95 3
104 67
40 44
43 2
23 26
45 33
95 17
24 27
25 27
44 57
71 30
17 31
54 44
104 29
27 62
32 79
58 110
27 43
54 2
120 121
93 27
95 44
109 71
3 2
62 43
54 3
93 43
3 78
109 57
71 2
17 2
109 30
94 57
2 78
79 107
11 59
71 79
30 118
11 68
66 108
106 108
57 118
1 59
66 67
11 45
3 17
1 69
51 33
32 69
54 69
54 59
32 11
51 69
54 57
81 23
11 78
103 58
51 59
79 59
32 40
1 11
51 68
120 76
66 80
40 17
109 2
32 68
71 12
95 32
40 78
55 79
43 11
55 43
16 11
1 51
16 57
31 118
109 11
45 59
100 27
43 59
71 44
54 71
77 43
44 59
94 45
31 57
26 104
51 43
55 57
109 77


# Output 
# Edge List representation of the graph

[1, 3, 11, 30, 32, 44, 51, 57, 59, 69, 107, 109]
[2, 78]
[3, 2, 17, 31, 40, 44, 78, 79, 80, 107, 119]
[4]
[5]
[7, 53]
[8, 47, 72, 74, 114, 116]
[9, 19, 96, 122]
[10]
[11, 33, 40, 45, 59, 68, 69, 78, 80]
[12, 13, 69]
[13, 5, 10, 38, 47, 73]
[14, 10, 13]
[15, 110]
[16, 11, 32, 44, 55, 57, 69, 77, 78, 80, 118]
[17, 2, 31, 78]
[18, 13]
[19, 47]
[21, 84]
[22]
[23, 9, 16, 26, 27, 58, 59, 62, 66, 69, 104]
[24, 9, 12, 13, 15, 23, 25, 26, 27, 40, 47, 57]
[25, 27, 57, 58]
[26, 16, 25, 27, 33, 37, 57, 62, 66, 104, 119]
[27, 43, 62]
[28, 33, 45, 56, 66, 81, 100, 104, 106]
[29, 76, 108]
[30, 12, 17, 31, 33, 40, 44, 57, 59, 68, 69, 118, 123]
[31, 2, 57, 78, 118]
[32, 11, 40, 44, 68, 69, 79, 80, 113]
[33, 2, 17, 31, 57, 59, 69, 78]
[34, 5, 74]
[35, 47]
[36, 64, 76]
[37, 9, 29, 33, 57, 63, 76, 108]
[38, 42]
[39, 84]
[40, 2, 4, 12, 13, 17, 31, 33, 44, 45, 57, 59, 69, 78]
[41, 10, 13, 42]
[42, 22]
[43, 2, 11, 33, 40, 44, 59, 78, 80]
[44, 2, 31, 47, 57, 59, 78]
[45, 4, 33, 59, 68]
[46, 13, 38, 39, 41, 42, 74, 84, 116]
[47, 42]
[48]
[49, 37, 63, 76, 98, 108]
[51, 2, 11, 30, 33, 40, 43, 44, 59, 68, 69, 77]
[52, 8, 13, 42]
[53]
[54, 2, 3, 17, 33, 40, 43, 44, 45, 57, 59, 69, 71]
[55, 43, 57, 78, 79, 123]
[56, 45, 54, 63, 66, 88, 104, 106, 108, 110]
[57, 4, 69, 118]
[58, 43, 110]
[59, 17, 69]
[60, 5, 13, 42, 73, 85]
[61]
[62, 43]
[63, 64, 76, 108]
[64, 29, 76, 108]
[65, 42, 72]
[66, 33, 37, 45, 57, 63, 67, 80, 108, 110]
[67, 29, 37, 63, 64, 76, 108]
[68, 33, 57]
[69, 78]
[70, 87, 105, 113]
[71, 2, 12, 30, 31, 44, 57, 79]
[72, 47]
[73, 47, 74]
[74, 22, 42]
[76]
[77, 3, 43, 69]
[78]
[79, 59, 78, 107]
[80, 13, 123]
[81, 16, 19, 23, 24, 25, 26, 33, 56, 66, 104, 106]
[84, 47]
[85, 22, 42, 65, 91, 116]
[86, 22, 65, 89]
[87]
[88, 37, 49, 63, 67, 104, 108]
[89, 73]
[90, 11, 44, 69, 77, 78, 95]
[91, 86, 96]
[93, 2, 27, 43, 54, 59, 62]
[94, 2, 30, 31, 40, 43, 44, 45, 51, 54, 57, 78, 99, 109]
[95, 3, 16, 17, 31, 32, 43, 44, 51, 69, 77, 78]
[96, 22, 74, 86, 114]
[98, 108]
[99]
[100, 27, 33, 36, 37, 39, 45, 64, 66, 104]
[102, 10, 41]
[103, 15, 48, 49, 58, 108]
[104, 29, 33, 37, 45, 63, 66, 67, 108]
[105, 3]
[106, 33, 37, 45, 54, 66, 88, 100, 104, 108, 110]
[107]
[108]
[109, 2, 3, 11, 30, 31, 44, 54, 57, 71, 77, 99]
[110]
[111, 30]
[113, 119]
[114, 42, 61]
[115, 42]
[116, 47, 72]
[118]
[119, 57]
[120, 76, 121]
[121, 5, 73, 89, 114]
[122, 73, 89, 115]
[123]

