# Input Data

26 66
24 25
100 37
37 57
26 57
100 66
66 57
66 37
24 47
66 33
25 57
24 57
100 33
37 33
44 47
26 37
35 47
106 45
94 30
106 66
21 84
57 4
66 45
106 100
106 37
100 45
113 119
94 109
41 10
26 33
28 100
13 47
86 89
90 44
28 45
80 13
30 44
28 66
23 69
90 77
23 59
94 44
28 33
40 13
70 105
24 12
24 13
28 104
56 66
24 40

# Output data
# Edge List representation of graph

[1, 3, 11, 30, 32, 44, 51, 57, 59, 69, 107, 109]
[2, 78]
[3, 2, 17, 31, 40, 44, 78, 79, 80, 107, 119]
[4]
[5]
[7, 53]
[8, 47, 72, 74, 114, 116]
[9, 19, 96, 122]
[10]
[11, 33, 40, 45, 59, 68, 69, 78, 80]
[12, 13, 69]
[13, 5, 10, 38, 47, 73]
[14, 10, 13]
[15, 110]
[16, 11, 32, 44, 55, 57, 69, 77, 78, 80, 118]
[17, 2, 31, 78]
[18, 13]
[19, 47]
[21, 84]
[22]
[23, 9, 16, 26, 27, 58, 59, 62, 66, 69, 104]
[24, 9, 12, 13, 15, 23, 25, 26, 27, 40, 47, 57]
[25, 27, 57, 58]
[26, 16, 25, 27, 33, 37, 57, 62, 66, 104, 119]
[27, 43, 62]
[28, 33, 45, 56, 66, 81, 100, 104, 106]
[29, 76, 108]
[30, 12, 17, 31, 33, 40, 44, 57, 59, 68, 69, 118, 123]
[31, 2, 57, 78, 118]
[32, 11, 40, 44, 68, 69, 79, 80, 113]
[33, 2, 17, 31, 57, 59, 69, 78]
[34, 5, 74]
[35, 47]
[36, 64, 76]
[37, 9, 29, 33, 57, 63, 76, 108]
[38, 42]
[39, 84]
[40, 2, 4, 12, 13, 17, 31, 33, 44, 45, 57, 59, 69, 78]
[41, 10, 13, 42]
[42, 22]
[43, 2, 11, 33, 40, 44, 59, 78, 80]
[44, 2, 31, 47, 57, 59, 78]
[45, 4, 33, 59, 68]
[46, 13, 38, 39, 41, 42, 74, 84, 116]
[47, 42]
[48]
[49, 37, 63, 76, 98, 108]
[51, 2, 11, 30, 33, 40, 43, 44, 59, 68, 69, 77]
[52, 8, 13, 42]
[53]
[54, 2, 3, 17, 33, 40, 43, 44, 45, 57, 59, 69, 71]
[55, 43, 57, 78, 79, 123]
[56, 45, 54, 63, 66, 88, 104, 106, 108, 110]
[57, 4, 69, 118]
[58, 43, 110]
[59, 17, 69]
[60, 5, 13, 42, 73, 85]
[61]
[62, 43]
[63, 64, 76, 108]
[64, 29, 76, 108]
[65, 42, 72]
[66, 33, 37, 45, 57, 63, 67, 80, 108, 110]
[67, 29, 37, 63, 64, 76, 108]
[68, 33, 57]
[69, 78]
[70, 87, 105, 113]
[71, 2, 12, 30, 31, 44, 57, 79]
[72, 47]
[73, 47, 74]
[74, 22, 42]
[76]
[77, 3, 43, 69]
[78]
[79, 59, 78, 107]
[80, 13, 123]
[81, 16, 19, 23, 24, 25, 26, 33, 56, 66, 104, 106]
[84, 47]
[85, 22, 42, 65, 91, 116]
[86, 22, 65, 89]
[87]
[88, 37, 49, 63, 67, 104, 108]
[89, 73]
[90, 11, 44, 69, 77, 78, 95]
[91, 86, 96]
[93, 2, 27, 43, 54, 59, 62]
[94, 2, 30, 31, 40, 43, 44, 45, 51, 54, 57, 78, 99, 109]
[95, 3, 16, 17, 31, 32, 43, 44, 51, 69, 77, 78]
[96, 22, 74, 86, 114]
[98, 108]
[99]
[100, 27, 33, 36, 37, 39, 45, 64, 66, 104]
[102, 10, 41]
[103, 15, 48, 49, 58, 108]
[104, 29, 33, 37, 45, 63, 66, 67, 108]
[105, 3]
[106, 33, 37, 45, 54, 66, 88, 100, 104, 108, 110]
[107]
[108]
[109, 2, 3, 11, 30, 31, 44, 54, 57, 71, 77, 99]
[110]
[111, 30]
[113, 119]
[114, 42, 61]
[115, 42]
[116, 47, 72]
[118]
[119, 57]
[120, 76, 121]
[121, 5, 73, 89, 114]
[122, 73, 89, 115]
[123]
